      1686708050268594944   12.7480   13.2953   13.5763   12.9094   12.4890   12.7529   13.2883   13.6436   13.1597                    OK       0                   WD
      2398029465700538880   12.0380   11.7230   11.6623   11.9675   12.6706   12.0283   11.7280   11.6658   11.7802                    OK       0                   OK
      2405805697263561600   14.0874   14.3774   14.5658   14.1874   13.9932   14.0909   14.3685   14.6431   14.2871                    OK       1                   WD
      3126052883671520896   10.4407   10.5783   10.6605   10.5237   10.5001   10.4447   10.5719   10.6775   10.5352                    OK       0                   OK
      5757389920689415040   11.8869   11.5674   11.5068   11.8126   12.4713   11.8893   11.5712   11.5052   11.6289                   DMS       0                  DMS
      3853478472249151616   12.4245   12.0838   12.0135   12.3444   13.0612   12.4183   12.0882   12.0072   12.1515                    OK       1                   OK
      3817965105665685504   11.3270   10.8969   10.8004   11.2044   12.0824   11.3252   10.9009   10.7858   10.9828                    OK       1                   OK
      4328293291578459392   13.4095   14.0162   14.3267   13.5450   13.0191   13.4113   14.0068   14.4084   13.8603                    OK       0                   WD
      1871118140493076224   12.9512   13.4447   13.6953   13.1609   12.9086   12.9599   13.4358   13.7766   13.3412                    OK       0                   WD
      4994877094997259264   12.9258   13.0220   13.1270   13.0086   13.0696   12.9322   13.0213   13.1734   12.9981                    OK       0                   WD
      5242316444456199808   13.4713   13.9579   14.2064   13.6637   13.3779   13.4806   13.9512   14.2657   13.8513                    OK       0                   WD
      5860131207828395648   13.9783   13.9840   14.0487   14.0276   14.1883   13.9806   13.9821   14.0788   13.9767                    OK       0                   WD
      5923906524348891904   13.4507   13.9533   14.2126   13.6518   13.3568   13.4668   13.9419   14.2977   13.8427                    OK       0                   WD
      2045444369069839744   13.5557   14.1112   14.3922   13.7165   13.2836   13.5632   14.1040   14.4690   13.9744                    OK       0                   WD
      1923682286712356992   13.8328   14.3455   14.5969   14.0141   13.6746   13.8449   14.3402   14.6753   14.2272                    OK       0                   WD
      4922382445088509312   14.1916   14.7248   14.9905   14.3596   13.9626   14.1972   14.7184   15.0574   14.5968                    OK       1                   WD
       519815360648870144   14.4361   15.0375   15.3390   14.5613   14.0236   14.4471   15.0255   15.4585   14.8782                    OK       0                   WD
      1572889389701360384   14.1211   14.7529   15.0826   14.2330   13.6418   14.1302   14.7391   15.1410   14.5819                    OK       1                   WD
      6070021243006871040   14.3768   14.9091   15.1861   14.5466   14.1382   14.3947   14.8988   15.2462   14.7842                    OK       1                   WD
      1371872413302877568   14.7953   15.3333   15.6037   14.9433   14.5013   14.8030   15.3182   15.6413   15.1993                    OK       1                   WD
      1326398777041821568   14.5881   14.8472   15.0087   14.7328   14.6568   14.5921   14.8420   15.0568   14.7920                    OK       0                   WD
      6462911897617050240   14.2561   14.4781   14.6139   14.3871   14.3470   14.2547   14.4732   14.6834   14.4287                    OK       0                   WD
      2257815757199848960   10.7438   10.5268   10.5216   10.7154   11.2841   10.7390   10.5291   10.5294   10.5570                    OK       0                   OK
      2541942588451597440   15.0384   15.1571   15.1887   15.0994   15.0665   15.0280   15.1535   15.1859   15.1205                    OK       1                   OK
      1564096767011977728   15.0597   15.0853   15.1455   15.1101   15.2348   15.0598   15.0822   15.1488   15.0723                    OK       0                   OK
      2560771312759450496   10.8384    9.1355    8.6934    9.8966   12.9617   10.8264    9.0868    8.5731    9.6331                    OK       0                   OK
      1472718211053416320   10.5281    8.9875    8.6088    9.7185   12.6104   10.5153    8.9525    8.5054    9.4227                    OK       0                   OK
      1428427236986209024   10.0177    8.4032    7.9634    9.1367   12.2975   10.0349    8.3727    7.8657    8.8530                    OK       0                   OK
      4659680529922228096   10.3574   10.3024   10.3461   10.3807   10.6544   10.3577   10.3019   10.3558   10.2985                    OK       0                   OK
      3348071528591318272   13.6769   13.3396   13.2627   13.6013   14.4183   13.6747   13.3407   13.2449   13.3948                    OK       1                   OK
      5020116556211470848   14.0126   12.0695   11.5301   12.8688   16.3165   14.0258   11.9960   11.3761   12.6632                    OK       0                   OK
       266077145295627520   11.7820   12.4164   12.7341   11.8810   11.2826   11.7865   12.4092   12.8210   12.2389                    OK       1                   WD
      3348071631670500736   13.0242   13.6381   13.9482   13.1522   12.6081   13.0324   13.6340   14.0245   13.4763                    OK       1                   WD
      3944400490365194368   13.3513   13.9702   14.2860   13.4651   12.8971   13.3525   13.9596   14.3750   13.8045                    OK       1                   WD
      3251244858154433536   14.0542   14.6740   14.9760   14.1764   13.6262   14.0417   14.6630   15.0838   14.5106                    OK       1                   WD
      3304090857318319232   13.8569   14.4060   14.7001   14.0220   13.5978   13.8622   14.4059   14.7967   14.2736                    OK       0                   WD
      5639391810273308416   11.8202   11.9943   12.1285   11.9307   11.9207   11.8243   11.9909   12.1826   11.9549                    OK       0                   WD
       781164326766404736   11.1783   11.7596   12.0334   11.2586   10.6610   11.1854   11.7499   12.1036   11.6075                    OK       0                   OK
      5332606522595645952   11.4724   11.5654   11.6870   11.5362   11.5719   11.4760   11.5617   11.7361   11.5214                    OK       0                   WD
      3959631234670040704   10.5020   11.1046   11.4127   10.6038   10.0361   10.5026   11.0945   11.4855   10.9369                    OK       0                   OK
      6749419923164242816   12.1931   12.6906   12.9481   12.3817   12.0707   12.2002   12.6837   13.0165   12.5783                    OK       1                   WD
      2693940725141960192   12.7324   13.2505   13.5264   12.9050   12.5380   12.7400   13.2394   13.6058   13.1281                    OK       1                   WD
      2633603478379307904   11.8321   12.4473   12.7575   11.9334   11.3524   11.8414   12.4351   12.8492   12.2747                    OK       1                   OK
      3935488605023787392   11.8178   12.4550   12.7730   11.9135   11.3019   11.8231   12.4462   12.8680   12.2750                    OK       1                   OK
      3657546118655166080   10.2429   10.7285   10.9736   10.3424    9.8873   10.2440   10.7218   11.0379   10.5934                    OK       0                   OK
      4416639085227405952    9.0069    8.9552    8.9807    9.0363    9.2886    8.9987    8.9516    8.9799    8.9584                    OK       1                   OK
      6210089815971933056   11.7589   11.5275   11.4777   11.7170   12.2005   11.7568   11.5285   11.4829   11.5702                    OK       1                   OK
      1634280312200704768   13.4987   13.5804   13.6586   13.5660   13.6336   13.4953   13.5795   13.6542   13.5551                   Var       0                  Var
      2161093682102883712   12.2769   12.5265   12.6408   12.3798   12.2298   12.2797   12.5187   12.6396   12.4610                    OK       0                   OK
      2160839724980689408   11.7163   11.8937   11.9843   11.8074   11.7641   11.7198   11.8926   11.9794   11.8410                    OK       0                   OK
      5024640977840398848   11.4797   11.2017   11.1562   11.4234   12.0246   11.4732   11.2033   11.1558   11.2525                    OK       1                   OK
      5444093531284061568   12.1322   11.9170   11.8837   12.1000   12.5805   12.1251   11.9164   11.8872   11.9559                    OK       0                   OK
      1399559249961569792   13.4438   13.1714   13.1358   13.4023   14.1155   13.4408   13.1771   13.1314   13.2215                    OK       0                   OK
      1312054926303736704   12.9755   12.7059   12.6678   12.9322   13.6301   12.9694   12.7066   12.6696   12.7516                    OK       0                   OK
      1633294634388508416   13.2683   12.7499   12.6095   13.1132   14.4364   13.2709   12.7561   12.6087   12.8465                    OK       1                   OK
      1633376204407124352   13.9332   13.2386   13.0431   13.6796   15.4520   13.9217   13.2521   13.0330   13.3734                    OK       1                   OK
      2257926365492000768   13.5737   12.9744   12.8188   13.3787   15.0371   13.5712   12.9877   12.8331   13.0824                    OK       0                   OK
      4201781696994073472   12.2819   12.5533   12.7457   12.3816   12.2038   12.2782   12.5428   12.8293   12.4687                    OK       0                   WD
       318506871931567616   12.9206   12.4277   12.2939   12.7736   13.9185   12.9138   12.4338   12.2976   12.5262                    OK       1                   OK
       356922880493142016   12.4220   12.9078   13.1533   12.6208   12.3560   12.4280   12.8980   13.2375   12.8013                    OK       0                   WD
      4613863502423915008   10.4592    9.8163    9.6139   10.2277   11.8061   10.4543    9.8229    9.6182    9.9380                    OK       0                   OK
      2941993086693170176   12.0543   12.5941   12.8695   12.1716   11.6695   12.0590   12.5891   12.9391   12.4473                    OK       0                   OK
       943770757800160384   12.0291   12.5873   12.8676   12.1940   11.7731   12.0294   12.5786   12.9560   12.4494                    OK       0                   WD
       990352495624317568   11.9481   12.2369   12.3003   12.0478   11.8313   11.9514   12.2319   12.2962   12.1587                    OK       0                   OK
      1052266579499163392   12.8146   12.4288   12.3429   12.7089   13.4725   12.8075   12.4335   12.3297   12.5053                   BIN       0                  BIN
      3788194488314248832   13.0275   13.5361   13.7957   13.2166   12.8985   13.0265   13.5230   13.8827   13.4228                    OK       0                   WD
      4019458647338779648   12.4531   13.0145   13.2968   12.6318   12.2339   12.4598   13.0080   13.3657   12.8831                    OK       0                   WD
      3520997013687539712   10.0735    9.3544    9.1406    9.7945   11.4961   10.0582    9.3647    9.1210    9.4913                    OK       1                   OK
      3685507214745543040   12.7951   12.3457   12.2362   12.6594   13.5784   12.7887   12.3498   12.2219   12.4324                    OK       0                   OK
      6335641365117256192   11.9829   11.6076   11.5180   11.8825   12.6421   11.9765   11.6118   11.5079   11.6800                    OK       0                   OK
      1639946061258413312   12.7220   12.4046   12.3429   12.6457   13.2885   12.7112   12.4076   12.3436   12.4643                    OK       1                   OK
      4412702764879270656   10.7760   10.4438   10.3635   10.6914   11.3522   10.7654   10.4456   10.3500   10.5079                    OK       0                   OK
      1406378695954996352   11.2866   10.8883   10.8017   11.1756   11.9927   11.2794   10.8913   10.7942   10.9645                    OK       1                   OK
      4569481097095820032    8.9112    8.5068    8.4063    8.7876    9.5127    8.9103    8.5116    8.4046    8.5878                   ChP       0                  ChP
      4319908862597055232   12.9438   13.4400   13.6960   13.1430   12.8605   12.9506   13.4345   13.7814   13.3338                    OK       1                   WD
      4296558843393685632   10.7151   10.2602   10.1369   10.5750   11.4860   10.7048   10.2628   10.1181   10.3482                    OK       0                   OK
      1831553382794173824   11.5018   12.0498   12.3305   11.6663   11.2499   11.5074   12.0403   12.4084   11.9162                    OK       1                   WD
      4228176122142169600   10.5458   10.2520   10.1931   10.4834   11.1711   10.5424   10.2537   10.1969   10.3072                   BIN       0                  BIN
      2011130908940738304   12.6754   12.2401   12.1308   12.5487   13.4612   12.6719   12.2471   12.1237   12.3230                    OK       0                   OK
      2874319284171715968   13.8090   14.4251   14.7346   13.9142   13.3394   13.8166   14.4192   14.8136   14.2546                    OK       1                   WD
      2323394345824851584   13.7653   13.4395   13.3705   13.6973   14.4934   13.7676   13.4399   13.3755   13.4987                    OK       0                   WD
       458558784733311232   13.6175   14.1811   14.4598   13.7786   13.3441   13.6219   14.1779   14.5235   14.0422                    OK       1                   WD
       446003598888454400   13.7291   13.1388   12.9537   13.5234   14.7124   13.7250   13.1415   12.9246   13.2606                    OK       0                   OK
       268550015665098880   13.2038   12.8255   12.7423   13.1037   13.8574   13.1991   12.8295   12.7292   12.9007                    OK       1                   OK
       987911506794398976   12.9693   12.6560   12.5935   12.8928   13.5129   12.9683   12.6567   12.5929   12.7147                    OK       0                   OK
       861050512312844672   13.7715   14.3046   14.5756   13.9503   13.5709   13.7828   14.2992   14.6475   14.1797                    OK       0                   WD
      1272306378368710528   13.5018   13.0800   12.9772   13.3793   14.2221   13.4982   13.0845   12.9682   13.1651                    OK       1                   OK
      1384866854036828032   13.7806   14.2023   14.4117   13.9707   13.7689   13.7889   14.1930   14.4677   14.1130                    OK       1                   WD
      1331106782752978688   13.8024   13.9905   14.1504   13.8997   13.8314   13.8044   13.9854   14.2025   13.9369                    OK       1                   WD
      6443328221136801920   13.3524   13.9702   14.2851   13.4729   12.9082   13.3585   13.9657   14.3835   13.8069                    OK       0                   WD
      2064272612307218176   13.3588   13.9407   14.2325   13.5120   13.0408   13.3591   13.9291   14.3208   13.7938                    OK       0                   WD
      6424566979354709248   13.2711   13.7872   14.0483   13.4693   13.1716   13.2735   13.7833   14.1112   13.6744                    OK       1                   WD
      2166111956258599680   13.0589   13.6679   13.9677   13.1753   12.6210   13.0683   13.6571   14.0595   13.5024                    OK       0                   WD
      1848336633214247808   13.8715   14.4949   14.8062   13.9764   13.3934   13.8655   14.4893   14.8948   14.3212                    OK       0                   WD
      2300234782654298624   12.9969   13.5220   13.7833   13.1739   12.8042   12.9987   13.5087   13.8652   13.3979                    OK       0                   WD
      1792830060723673472   13.2234   13.3557   13.4828   13.2962   13.2879   13.2182   13.3555   13.5219   13.3070                    OK       1                   WD
       418491412783587200   14.0331   14.2805   14.4700   14.1235   13.9602   14.0339   14.2738   14.5286   14.2038                    OK       1                   WD
      5037084872486444928   15.0291   14.9951   15.0592   15.0616   15.2990   15.0170   14.9881   15.1125   14.9889                    OK       0                   WD
       532196686212705536   14.4494   13.9781   13.8431   14.3067   15.2657   14.4474   13.9786   13.8445   14.0719                    OK       0                   OK
       466384799259137920   14.9356   15.2711   15.4676   15.1090   14.9929   14.9319   15.2564   15.5717   15.2024                    OK       0                   WD
      3022956969731332096   14.4405   13.9444   13.8368   14.3087   15.6028   14.4425   13.9468   13.8369   14.0388                    OK       1                   WD
       850146827299032704   14.4793   15.1147   15.4095   14.5937   14.0133   14.4801   15.0989   15.5051   14.9351                    OK       1                   WD
       854393484803051776   14.5953   15.1954   15.4926   14.7222   14.1924   14.6027   15.1867   15.6200   15.0341                    OK       0                   WD
      1478363619145920640   13.9534   14.4902   14.7555   14.1283   13.7435   13.9648   14.4826   14.8529   14.3621                    OK       0                   WD
      1276688069644366592   14.0671   14.5554   14.8084   14.2638   13.9828   14.0806   14.5492   14.8823   14.4513                    OK       1                   WD
      4524670913035545344   14.0429   13.6109   13.4909   13.9328   15.0031   14.0394   13.6151   13.4860   13.6967                    OK       1                   OK
      6446197877766956800   14.3523   14.8844   15.1528   14.5187   14.1142   14.3712   14.8838   15.2297   14.7587                    OK       0                   WD
      1841683423932168832   14.6483   14.7256   14.8006   14.7272   14.8169   14.6523   14.7150   14.8749   14.7052                    OK       0                   WD
      1793946026371051648   14.4419   14.9599   15.2266   14.6123   14.2367   14.4403   14.9547   15.3223   14.8402                    OK       0                   WD
      1800298527816525824   14.6274   14.9328   15.1232   14.7354   14.5176   14.6381   14.9171   15.2130   14.8443                    OK       1                   WD
      6404417771644764160   14.5159   14.7623   14.9439   14.6187   14.4830   14.5182   14.7576   15.0061   14.6827                    OK       1                   WD
      2176116580055936512   12.3238   12.8140   13.0743   12.5152   12.2179   12.3319   12.8095   13.1484   12.7076                    OK       1                   WD
      3406506723313874688   12.5900   12.9511   13.1435   12.7082   12.4045   12.5997   12.9402   13.2220   12.8520                    OK       0                   OK
      2810585920868186240   13.1001   13.7238   14.0435   13.1996   12.6135   13.1102   13.7174   14.1219   13.5517                    OK       1                   WD
      3806885288337214848   13.2443   13.8819   14.2086   13.3295   12.7055   13.2493   13.8836   14.3169   13.7046                    OK       0                   OK
      1633585107317144960   11.7790   11.8939   11.9692   11.8583   11.9206   11.7794   11.8941   11.9679   11.8536                    OK       0                   OK
      2161721571962091136   10.5256   10.4348   10.4563   10.5441   10.8717   10.5203   10.4326   10.4655   10.4473                    OK       0                   OK
      4421525074384092032   14.0896   13.4902   13.3036   13.8791   15.2154   14.0660   13.4983   13.2695   13.6075                    OK       1                   OK
      3695913095870312576   12.5937   12.0557   11.9111   12.4286   13.8007   12.5916   12.0656   11.9065   12.1569                   BIN       0                  BIN
      3683915053189161728   12.5513   12.3658   12.3559   12.5348   13.0438   12.5384   12.3691   12.3662   12.3898                    OK       1                   OK
       845789153480087936   14.9951   15.0059   15.0582   15.0388   15.1700   14.9896   15.0048   15.0539   14.9944                    OK       1                   OK
      1487827631122772992   14.9983   15.1541   15.2528   15.0812   15.0398   15.0094   15.1533   15.2487   15.1119                   BSS       0                  BSS
      3277270538903180160   10.7531    9.7105    9.4821   10.2867   12.6778   10.7349    9.7127    9.4257    9.9343                    OK       1                   OK
      3089711447388931584   10.0226    8.3791    7.9464    9.1257   12.1633   10.0407    8.3357    7.8431    8.8510                    OK       1                   OK
      3943234217765374336   12.3641   10.7762   10.3702   11.5140   14.5667   12.3617   10.7461   10.2625   11.2259                    OK       0                   OK
      1503625448550796032   10.1444    8.7135    8.3444    9.4137   12.1099   10.1578    8.6797    8.2537    9.1151                   DMS       0                  DMS
      4519789321942643072   10.6878    9.0756    8.6481    9.8112   12.9835   10.6843    9.0419    8.5431    9.5274                    OK       1                   OK
      4519789081415296128   10.6807    9.0633    8.6371    9.8020   12.9819   10.6863    9.0278    8.5299    9.5192                    OK       1                   OK
      4227837442496206592   15.0910   15.1541   15.1599   15.1386   15.1770   15.0802   15.1501   15.1754   15.1326                    OK       1                   OK
      4755812790042069888   11.4119   11.1902   11.1762   11.3868   12.0047   11.4102   11.1905   11.1808   11.2204                    OK       0                   OK
      5476400477145058816   10.8222   10.9813   11.0837   10.9091   10.8952   10.8139   10.9783   11.0930   10.9312                    OK       0                   OK
      5284204302730217984   11.8925   11.6776   11.6550   11.8695   12.4511   11.8919   11.6798   11.6629   11.7109                    OK       1                   OK
      5006921282807193856   10.4609    9.2396    8.9420    9.8685   12.3968   10.4621    9.2353    8.8698    9.5265                    OK       0                   OK
